20201241
20100120
20200971
10100183
20400298
20400334
20100098
20201142
10100165
10100230
20201265
10100210
65200179
23100014
20201266
10100228
65200002
10100213
10100257
20201144
20500717
23100011
20500826
10100182
20600211
10100059
20201210
65200007
65300145
10100102
20400292
20100116
10100123
65200016
65200009
20201465
20200453
10100100
20201462
20400507
10100206
23100027
20100122
65100081
65100114
20201450
20200008
10100227
20200988
20400218
27100013
20500177
65200010
20400301
10100132
20500812
29200092
20600198
20400315
20500378
20900726
20200671
20100096
20301185
20201274
65200003
65200005
20201451
20200012
20200974
65200200
65200201
20100121
65100012
20201452
20201477
20500040
29200093
20201408
10100134
65100064
20901135
10100233
20100103
65100071
20500906
20500034
20400191
60300103
20500038
65100011
20100102
20500314
20100126
20501015
20500044
20100115
20200650
20200403
20500003
65200032
20400579
20201278
20300735
20100094
20201127
20201136
20300001
20300094
20500025
20302179
20500818
20100119
60300055
20500869
23100043
20901030
20900936
20500033
20302233
20500024
65200001
29200042
27100017
20500026
20200157
20100137
60300025
20300700
20501016
20200992
20301859
20302147
20500900
20500020
20300479
20301865
20300701
20300107
60200012
20800017
20500104
20201359
20300008
20500036
20300170
20201135
60300090
20201551
20301758
20500019
20500157
60300021
20200637
20201178
20201424
20800131
20500106
20301923
20201184
20500018
20500660
20201295
20400297
20300908
92160031
20201342
20200051
20301235
23100010
20500105
20200044
20500017
27100023
20300907
20900783
20500022
60200814
20201432
20200614
20300102
65200122
23100030
20201308
20300095
20201400
20201391
20201401
20500915