2328
164
1707
71
2514
5298
62
274
21
3
3493
2
5504
9637
3147
4
3516
2
10
208
20
101018
12
25
6
12
183
1323
2
1
600
9
8
1307
3434
94
90000
1
12
120
1
7332
18
3
4
4
125
1
3000
52
1500
285
1294
120
1
15
116
1
114
124
10
40
6
5525
39
543
957
5
22
270
1582
1500
7
2
5
628
16
60
2
1
1
20
1
4
2
10
29
468
1
13
1
3
104
3
1
2
1
8332
36000
228
299
234
8
30
1
10000
8
4
39
31
1
3
1
36
166
188
2
1
15
2000
21
119
1
87
19
898
1
20
96
2
2
49
3
10
34
2
12
8
25
36
3000
7
400
8
4
5
5
3
200
1
22
9
3
3
5
1400
1
5
2
10
13
2
1000
2
700
20
1000
89
300
70
5
200
5
24
400
1
3
3
24
73
1
2
12
30
1
39
9
39
1